#camera_path
5.00 0.00 -25.00
4.92 0.87 -24.31
4.70 1.71 -23.61
4.33 2.50 -22.92
3.83 3.21 -22.22
3.21 3.83 -21.53
2.50 4.33 -20.83
1.71 4.70 -20.14
0.87 4.92 -19.44
0.00 5.00 -18.75
-0.87 4.92 -18.06
-1.71 4.70 -17.36
-2.50 4.33 -16.67
-3.21 3.83 -15.97
-3.83 3.21 -15.28
-4.33 2.50 -14.58
-4.70 1.71 -13.89
-4.92 0.87 -13.19
-5.00 0.00 -12.50
-4.92 -0.87 -11.81
-4.70 -1.71 -11.11
-4.33 -2.50 -10.42
-3.83 -3.21 -9.72
-3.21 -3.83 -9.03
-2.50 -4.33 -8.33
-1.71 -4.70 -7.64
-0.87 -4.92 -6.94
-0.00 -5.00 -6.25
0.87 -4.92 -5.56
1.71 -4.70 -4.86
2.50 -4.33 -4.17
3.21 -3.83 -3.47
3.83 -3.21 -2.78
4.33 -2.50 -2.08
4.70 -1.71 -1.39
4.92 -0.87 -0.69
5.00 -0.00 0.00
4.92 0.87 0.69
4.70 1.71 1.39
4.33 2.50 2.08
3.83 3.21 2.78
3.21 3.83 3.47
2.50 4.33 4.17
1.71 4.70 4.86
0.87 4.92 5.56
0.00 5.00 6.25
-0.87 4.92 6.94
-1.71 4.70 7.64
-2.50 4.33 8.33
-3.21 3.83 9.03
-3.83 3.21 9.72
-4.33 2.50 10.42
-4.70 1.71 11.11
-4.92 0.87 11.81
-5.00 0.00 12.50
-4.92 -0.87 13.19
-4.70 -1.71 13.89
-4.33 -2.50 14.58
-3.83 -3.21 15.28
-3.21 -3.83 15.97
-2.50 -4.33 16.67
-1.71 -4.70 17.36
-0.87 -4.92 18.06
-0.00 -5.00 18.75
0.87 -4.92 19.44
1.71 -4.70 20.14
2.50 -4.33 20.83
3.21 -3.83 21.53
3.83 -3.21 22.22
4.33 -2.50 22.92
4.70 -1.71 23.61
4.92 -0.87 24.31

